Club-Mate|Original|20|8|18.00|2.00|19.08|160|0.954|1.046|109.643605870021|152.64|320|167.36|109.643605870021|1.06
Flora Power|Mate|20|6|21.40|2.00|22.684|120|1.1342|0.8658|76.3357432551578|136.104|240|103.896|76.3357432551578|1.06
Fritz|Kola|24|6|17.00|2.00|18.02|144|0.750833333333333|1.24916666666667|166.370699223085|108.12|288|179.88|166.370699223085|1.06
Bundaberg|Ginger|12|3|16.80|2.00|17.808|36|1.484|0.516|34.7708894878706|53.424|72|18.576|34.7708894878706|1.06
Bundaberg|Root|12|3|17.40|2.00|18.444|36|1.537|0.463|30.1236174365647|55.332|72|16.668|30.1236174365648|1.06
Club-Mate|Kraftstof|20|2|18.00|2.00|19.08|40|0.954|1.046|109.643605870021|38.16|80|41.84|109.643605870021|1.06
Fentimans|Rose Lemonade|12|2|17.50|2.00|18.55|24|1.54583333333333|0.454166666666667|29.3800539083558|37.1|48|10.9|29.3800539083558|1.06
Fritz|Meloen|24|2|17.00|2.00|18.02|48|0.750833333333333|1.24916666666667|166.370699223085|36.04|96|59.96|166.370699223085|1.06
Proviant|Citroen Gember|24|2|17.50|2.00|18.55|48|0.772916666666667|1.22708333333333|158.760107816712|37.1|96|58.9|158.760107816712|1.06
Proviant|Rabarber|24|2|17.50|2.00|18.55|48|0.772916666666667|1.22708333333333|158.760107816712|37.1|96|58.9|158.760107816712|1.06
Statiegeld|krat20|1|8|4.50|0|4.50|8|4.5|-4.5|-100|36|0|-36|-100|0
Statiegeld|krat20|1|6|4.50|0|4.50|6|4.5|-4.5|-100|27|0|-27|-100|0
Statiegeld|krat24|1|10|5.00|0|5.00|10|5|-5|-100|50|0|-50|-100|0
Statiegeld|krat24|1|4|5.00|0|5.00|4|5|-5|-100|20|0|-20|-100|0
Statiegeld|retour_krat20|1|12|-4.50|0|-4.50|12|-4.5|4.5|-100|-54|0|54|-100|0
Statiegeld|retour_krat20_leeg|1|1|-1.50|0|-1.50|1|-1.5|1.5|-100|-1.5|0|1.5|-100|0
Statiegeld|retour_krat20_fles|1|10|-0.15|0|-0.15|10|-0.15|0.15|-100|-1.5|0|1.5|-100|0
Statiegeld|retour_krat24|1|7|-5.00|0|-5.00|7|-5|5|-100|-35|0|35|-100|0
Statiegeld|retour_krat_speciaal|1|2|-4.60|0|-4.60|2|-4.6|4.6|-100|-9.2|0|9.2|-100|0
Statiegeld|retour_krat_speciaal_leeg|1|1|-1.00|0|-1.00|1|-1|1|-100|-1|0|1|-100|0
ORDER|TOTAL||36|682.8|2|721.92|704|1.02545454545455|0.974545454545455|95.0354609929078|1408|686.08|1.06
ORDER|DRINKS_ONLY||36|652|2|691.12|704|0.981704545454545|1.01829545454545|103.727283250376|1408|716.88|1.06
