Fritz|Kola|24|4|17.60|1.50|18.656|96|0.777333333333333|0.722666666666667|92.967409948542|74.624|144|69.376|92.967409948542|1.06
Sauer|Rhabarberschorle|24|2|20.50|1.50|21.73|48|0.905416666666667|0.594583333333333|65.6695812241141|43.46|72|28.54|65.6695812241141|1.06
Statiegeld|krat24|1|4|5.00|0|5.00|4|5|-5|-100|20|0|-20|-100|0
Club-Mate|Granat|20|2|18|1.50|19.08|40|0.954|0.546|57.2327044025157|38.16|60|21.84|57.2327044025157|1.06
Club-Mate|Kraftstof|20|2|18|1.50|19.08|40|0.954|0.546|57.2327044025157|38.16|60|21.84|57.2327044025157|1.06
Club-Mate|Original|20|2|18|1.50|19.08|40|0.954|0.546|57.2327044025157|38.16|60|21.84|57.2327044025157|1.06
Statiegeld|krat20|1|8|4.50|0|4.50|8|4.5|-4.5|-100|36|0|-36|-100|0
Bundaberg|Ginger|12|6|16.80|2|17.808|72|1.484|0.516|34.7708894878706|106.848|144|37.152|34.7708894878706|1.06
Bundaberg|Root|12|2|18.50|2|19.61|24|1.63416666666667|0.365833333333333|22.3865374808771|39.22|48|8.78|22.3865374808771|1.06
Two Chefs Brewing|Green Bullet|24|1|32.88|2.50|34.8528|24|1.4522|1.0478|72.1525960611486|34.8528|60|25.1472|72.1525960611486|1.06
Bear Cider|Appel|24|1|37.50|2.50|39.75|24|1.65625|0.84375|50.9433962264151|39.75|60|20.25|50.9433962264151|1.06
Statiegeld|retour_krat20|1|15|-4.50|0|-4.50|15|-4.5|4.5|-100|-67.5|0|67.5|-100|0
Statiegeld|retour_krat24|1|7|-5.00|0|-5.00|7|-5|5|-100|-35|0|35|-100|0
ORDER|TOTAL||22|381.08|1.73529411764706|406.7348|408|0.996899019607843|0.738395098039216|74.0691969312682|708|301.2652|1.06
ORDER|DRINKS_ONLY||22|427.58|1.73529411764706|453.2348|408|1.11086960784314|0.624424509803922|56.2104233832|708|254.7652|1.06
