Club-Mate|Original|20|6|18.87|2.00|20.0022|120|1.00011|0.99989|99.9780024197338|120.0132|240|119.9868|99.9780024197338|1.06
Bundaberg|Ginger|12|9|17.40|2.00|18.444|108|1.537|0.463|30.1236174365647|165.996|216|50.004|30.1236174365648|1.06
Flora Power|Mate|20|2|0.00001|2.00|1.06e-05|40|5.3e-07|1.99999947|377358390.566038|2.12e-05|80|79.9999788|377358390.566038|1.06
Fritz|Kola|24|2|17.00|2.00|18.02|48|0.750833333333333|1.24916666666667|166.370699223085|36.04|96|59.96|166.370699223085|1.06
Fentimans|Cherrytree Cola|12|1|17.50|2.00|18.55|12|1.54583333333333|0.454166666666667|29.3800539083558|18.55|24|5.45|29.3800539083558|1.06
Bundaberg|Root|12|2|17.40|2.00|18.444|24|1.537|0.463|30.1236174365647|36.888|48|11.112|30.1236174365647|1.06
Statiegeld|krat20|1|6|4.50|0|4.50|6|4.5|-4.5|-100|27|0|-27|-100|0
Statiegeld|krat20|1|2|4.50|0|4.50|2|4.5|-4.5|-100|9|0|-9|-100|0
Statiegeld|krat24|1|2|5.00|0|5.00|2|5|-5|-100|10|0|-10|-100|0
Statiegeld|retour_krat20|1|11|-4.50|0|-4.50|11|-4.5|4.5|-100|-49.5|0|49.5|-100|0
Statiegeld|retour_krat20_leeg|1|1|-1.50|0|-1.50|1|-1.5|1.5|-100|-1.5|0|1.5|-100|0
Statiegeld|retour_krat24|1|5|-5.00|0|-5.00|5|-5|5|-100|-25|0|25|-100|0
Statiegeld|retour_krat_speciaal|1|1|-4.60|0|-4.60|1|-4.6|4.6|-100|-4.6|0|4.6|-100|0
ORDER|TOTAL||22|321.52002|2|342.8872212|352|0.974111423863636|1.02588857613636|105.315321328166|704|361.1127788|1.06
