Club-Mate|Original|20|8|18.00|1.50|19.08|160|0.954|0.546|57.2327044025157|152.64|240|87.36|57.2327044025157|1.06
Flora Power|Mate|20|2|21.40|1.50|22.684|40|1.1342|0.3658|32.2518074413683|45.368|60|14.632|32.2518074413684|1.06
Fritz|Kola|24|6|17.60|1.50|18.656|144|0.777333333333333|0.722666666666667|92.967409948542|111.936|216|104.064|92.967409948542|1.06
Bundaberg|Ginger|12|4|16.80|2.00|17.808|48|1.484|0.516|34.7708894878706|71.232|96|24.768|34.7708894878706|1.06
Proviant|Rabarber|24|2|17.50|1.50|18.55|48|0.772916666666667|0.727083333333333|94.0700808625337|37.1|72|34.9|94.0700808625337|1.06
Fritz|Apfelschorle|24|2|18.90|1.50|20.034|48|0.83475|0.66525|79.6945193171608|40.068|72|31.932|79.6945193171608|1.06
Statiegeld|krat20|1|8|4.50|0|4.50|8|4.5|-4.5|-100|36|0|-36|-100|0
Statiegeld|krat_speciaal|1|2|4.60|0|4.60|2|4.6|-4.6|-100|9.2|0|-9.2|-100|0
Statiegeld|krat24|1|10|5.00|0|5.00|10|5|-5|-100|50|0|-50|-100|0
Statiegeld|retour_krat20|1|9|-4.50|0|-4.50|9|-4.5|4.5|-100|-40.5|0|40.5|-100|0
Statiegeld|retour_krat24|1|9|-5.00|0|-5.00|9|-5|5|-100|-45|0|45|-100|0
ORDER|TOTAL||24|442.1|1.54918032786885|468.044|488|0.959106557377049|0.590073770491803|61.5232755894745|756|287.956|1.06
ORDER|DRINKS_ONLY||24|432.4|1.54918032786885|458.344|488|0.939229508196721|0.609950819672131|64.9416159042117|756|297.656|1.06
