Club-Mate|Original|20|7|18.00|1.50|19.08|140|0.954|0.546|57.2327044025157|133.56|210|76.44|57.2327044025157|1.06
Flora Power|Mate|20|7|21.40|1.50|22.684|140|1.1342|0.3658|32.2518074413683|158.788|210|51.212|32.2518074413684|1.06
Fritz|Kola|24|5|17.60|1.50|18.656|120|0.777333333333333|0.722666666666667|92.967409948542|93.28|180|86.72|92.967409948542|1.06
Bundaberg|Ginger|12|8|16.80|2.00|17.808|96|1.484|0.516|34.7708894878706|142.464|192|49.536|34.7708894878706|1.06
Bundaberg|Root|12|3|18.50|2.00|19.61|36|1.63416666666667|0.365833333333333|22.3865374808771|58.83|72|13.17|22.3865374808771|1.06
Fritz|Apfelschorle|24|1|18.90|1.50|20.034|24|0.83475|0.66525|79.6945193171608|20.034|36|15.966|79.6945193171608|1.06
Sauer|Rhabarberschorle|24|2|22.00|1.50|23.32|48|0.971666666666667|0.528333333333333|54.3739279588336|46.64|72|25.36|54.3739279588336|1.06
Statiegeld|krat20|1|14|4.50|0|4.50|14|4.5|-4.5|-100|63|0|-63|-100|0
Statiegeld|krat_speciaal|1|2|4.60|0|4.60|2|4.6|-4.6|-100|9.2|0|-9.2|-100|0
Statiegeld|krat24|1|6|5.00|0|5.00|6|5|-5|-100|30|0|-30|-100|0
Statiegeld|retour_krat20|1|12|-4.50|0|-4.50|12|-4.5|4.5|-100|-54|0|54|-100|0
Statiegeld|retour_krat24|1|11|-5.00|0|-5.00|11|-5|5|-100|-55|0|55|-100|0
ORDER|TOTAL||33|609.8|1.60927152317881|646.796|604|1.07085430463576|0.538417218543046|50.2792225060142|972|325.204|1.06
ORDER|DRINKS_ONLY||33|616.6|1.60927152317881|653.596|604|1.08211258278146|0.527158940397351|48.7157204144456|972|318.404|1.06
