Fritz|Kola|24|6|17.60|1.50|18.656|144|0.777333333333333|0.722666666666667|92.967409948542|111.936|216|104.064|92.967409948542|1.06
Club-Mate|Original|20|6|18.00|1.50|19.08|120|0.954|0.546|57.2327044025157|114.48|180|65.52|57.2327044025157|1.06
Flora Power|Mate|20|4|21.40|1.50|22.684|80|1.1342|0.3658|32.2518074413683|90.736|120|29.264|32.2518074413684|1.06
Club-Mate|Granat|20|3|18.00|1.50|19.08|60|0.954|0.546|57.2327044025157|57.24|90|32.76|57.2327044025157|1.06
Club-Mate|Kraftstof|20|2|18.00|1.50|19.08|40|0.954|0.546|57.2327044025157|38.16|60|21.84|57.2327044025157|1.06
Bundaberg|Ginger|12|8|16.80|2.00|17.808|96|1.484|0.516|34.7708894878706|142.464|192|49.536|34.7708894878706|1.06
Bundaberg|Root|12|4|18.50|2.00|19.61|48|1.63416666666667|0.365833333333333|22.3865374808771|78.44|96|17.56|22.3865374808771|1.06
Proviant|Rabarber|24|1|17.50|1.50|18.55|24|0.772916666666667|0.727083333333333|94.0700808625337|18.55|36|17.45|94.0700808625337|1.06
Sauer|Rhabarberschorle|24|1|20.50|1.50|21.73|24|0.905416666666667|0.594583333333333|65.6695812241141|21.73|36|14.27|65.6695812241141|1.06
Bundaberg|Pink Grapefruit|12|1|18.50|2.00|19.61|12|1.63416666666667|0.365833333333333|22.3865374808771|19.61|24|4.39|22.3865374808771|1.06
Statiegeld|krat20|1|15|4.00|0|4.00|15|4|-4|-100|60|0|-60|-100|0
Statiegeld|krat24|1|10|5.00|0|5.00|10|5|-5|-100|50|0|-50|-100|0
Statiegeld|retour_krat20|1|13|-4.50|0|-4.50|13|-4.5|4.5|-100|-58.5|0|58.5|-100|0
Statiegeld|retour_krat24|1|7|-5.00|0|-5.00|7|-5|5|-100|-35|0|35|-100|0
Fritz|Koffie|24|2|17.60|1.50|18.656|48|0.777333333333333|0.722666666666667|92.967409948542|37.312|72|34.688|92.967409948542|1.06
Heldenpause|Peer-Melisse|24|1|25.50|1.50|27.03|24|1.12625|0.37375|33.1853496115427|27.03|36|8.97|33.1853496115427|1.06
Proviant|Citroen|24|2|17.50|1.50|18.55|48|0.772916666666667|0.727083333333333|94.0700808625337|37.1|72|34.9|94.0700808625337|1.06
ORDER|TOTAL||41|766.3|1.6015625|811.288|768|1.05636458333333|0.545197916666667|51.6107720069815|1230|418.712|1.06
ORDER|DRINKS_ONLY||41|749.8|1.6015625|794.788|768|1.03488020833333|0.566682291666667|54.7582499987418|1230|435.212|1.06
