Club-Mate|Original|20|2|16.98|1.50|17.9988|40|0.89994|0.60006|66.6777785185679|35.9976|60|24.0024|66.6777785185679|1.06
Flora Power|Mate|20|2|21.40|1.50|22.684|40|1.1342|0.3658|32.2518074413683|45.368|60|14.632|32.2518074413684|1.06
Club-Mate|Krafstof|20|2|18.00|1.50|19.08|40|0.954|0.546|57.2327044025157|38.16|60|21.84|57.2327044025157|1.06
Club-Mate|Granat|20|1|18.00|1.50|19.08|20|0.954|0.546|57.2327044025157|19.08|30|10.92|57.2327044025157|1.06
Statiegeld|krat20|1|8|4.50|0|4.50|8|4.5|-4.5|-100|36|0|-36|-100|0
Bundaberg|Lemon, Lime & Bitters|12|2|18.50|2.50|19.61|24|1.63416666666667|0.865833333333333|52.9831718510964|39.22|60|20.78|52.9831718510964|1.06
Bundaberg|Pink Grapefruit|12|1|18.50|2.50|19.61|12|1.63416666666667|0.865833333333333|52.9831718510964|19.61|30|10.39|52.9831718510964|1.06
Club-Mate|Cola|20|1|17.50|1.50|18.55|20|0.9275|0.5725|61.7250673854447|18.55|30|11.45|61.7250673854447|1.06
Statiegeld|retour_krat20|1|15|-4.50|0|-4.50|15|-4.5|4.5|-100|-67.5|0|67.5|-100|0
Statiegeld|retour_krat24|1|3|-5.00|0|-5.00|3|-5|5|-100|-15|0|15|-100|0
ORDER|TOTAL||11|157.26|1.68367346938776|169.4856|196|0.864722448979592|0.818951020408163|94.7068069499709|330|160.5144|1.06
ORDER|DRINKS_ONLY||11|203.76|1.68367346938776|215.9856|196|1.10196734693878|0.58170612244898|52.7879636420206|330|114.0144|1.06
