Fritz|Kola|24|5|17.60|1.50|18.656|120|0.777333333333333|0.722666666666667|92.967409948542|93.28|180|86.72|92.967409948542|1.06
Sauer|Rhabarberschorle|24|2|20.50|1.50|21.73|48|0.905416666666667|0.594583333333333|65.6695812241141|43.46|72|28.54|65.6695812241141|1.06
Fritz|Orange|24|2|17.60|1.50|18.656|48|0.777333333333333|0.722666666666667|92.967409948542|37.312|72|34.688|92.967409948542|1.06
Statiegeld|krat24|1|15|5.00|0|5.00|15|5|-5|-100|75|0|-75|-100|0
Flora Power|Mate|20|6|21.40|1.50|22.684|120|1.1342|0.3658|32.2518074413683|136.104|180|43.896|32.2518074413683|1.06
Club-Mate|Original|20|6|18.00|1.50|19.08|120|0.954|0.546|57.2327044025157|114.48|180|65.52|57.2327044025157|1.06
Club-Mate|Kraftstof|20|2|18.00|1.50|19.08|40|0.954|0.546|57.2327044025157|38.16|60|21.84|57.2327044025157|1.06
Bundaberg|Ginger|12|1|16.80|2.00|17.808|12|1.484|0.516|34.7708894878706|17.808|24|6.192|34.7708894878706|1.06
Statiegeld|krat20|1|8|4.50|0|4.50|8|4.5|-4.5|-100|36|0|-36|-100|0
Statiegeld|retour_krat20|1|6|-4.50|0|-4.50|6|-4.5|4.5|-100|-27|0|27|-100|0
Statiegeld|retour_krat24|1|6|-5.00|0|-5.00|6|-5|5|-100|-30|0|30|-100|0
Breuk|flessen|1|1|-2.12|1.50|-2.2472|1|-2.2472|3.7472|-166.749733001068|-2.2472|1.5|3.7472|-166.749733001068|1.06
ORDER|TOTAL||25|505.28|1.51178781925344|532.3568|509|1.04588762278978|0.465900196463654|44.5459135677425|769.5|237.1432|1.06
ORDER|DRINKS_ONLY||25|451.28|1.51178781925344|478.3568|509|0.939797249508841|0.571990569744597|60.8631883146638|769.5|291.1432|1.06
