Club-Mate|Original|20|4|18.00|1.50|19.08|80|0.954|0.546|57.2327044025157|76.32|120|43.68|57.2327044025157|1.06
Club-Mate|Kraftstof|20|1|18.00|1.50|19.08|20|0.954|0.546|57.2327044025157|19.08|30|10.92|57.2327044025157|1.06
Flora Power|Mate|20|3|21.40|1.50|22.684|60|1.1342|0.3658|32.2518074413683|68.052|90|21.948|32.2518074413683|1.06
Bundaberg|Root|12|2|17.40|2.00|18.444|24|1.537|0.463|30.1236174365647|36.888|48|11.112|30.1236174365647|1.06
Fritz|Apfelschorle|24|1|18.29|2.00|19.3874|24|0.807808333333333|1.19219166666667|147.583482055356|19.3874|48|28.6126|147.583482055356|1.06
Fritz|Kola|24|5|17.00|1.50|18.02|120|0.750833333333333|0.749166666666667|99.7780244173141|90.1|180|89.9|99.7780244173141|1.06
Statiegeld|krat20|1|5|4.50|0|4.50|5|4.5|-4.5|-100|22.5|0|-22.5|-100|0
Statiegeld|krat20|1|3|4.50|0|4.50|3|4.5|-4.5|-100|13.5|0|-13.5|-100|0
Statiegeld|krat24|1|6|5.00|0|5.00|6|5|-5|-100|30|0|-30|-100|0
Statiegeld|retour_krat20|1|10|-4.50|0|-4.50|10|-4.5|4.5|-100|-45|0|45|-100|0
Statiegeld|retour_krat24|1|6|-5.00|0|-5.00|6|-5|5|-100|-30|0|30|-100|0
ORDER|TOTAL||16|283.29|1.57317073170732|300.8274|328|0.917156707317073|0.656014024390244|71.5269287305611|516|215.1726|1.06
ORDER|DRINKS_ONLY||16|292.29|1.57317073170732|309.8274|328|0.944595731707317|0.628575|66.5443404940944|516|206.1726|1.06
