Bundaberg|Ginger|12|5|16.80|2.00|17.808|60|1.484|0.516|34.7708894878706|89.04|120|30.96|34.7708894878706|1.06
Club-Mate|Granat|20|2|18.00|2.00|19.08|40|0.954|1.046|109.643605870021|38.16|80|41.84|109.643605870021|1.06
Club-Mate|Winter|20|1|18.00|2.00|19.08|20|0.954|1.046|109.643605870021|19.08|40|20.92|109.643605870021|1.06
Fritz|Apfelschorle|24|1|18.29|2.00|19.3874|24|0.807808333333333|1.19219166666667|147.583482055356|19.3874|48|28.6126|147.583482055356|1.06
Sauer|Rhabarberschorle|24|2|22.17|2.00|23.5002|48|0.979175|1.020825|104.253580820589|47.0004|96|48.9996|104.253580820589|1.06
Fritz|Druif|24|1|18.29|2.00|19.3874|24|0.807808333333333|1.19219166666667|147.583482055356|19.3874|48|28.6126|147.583482055356|1.06
Lemonaid|Passievrucht|24|1|23.76|2.00|25.1856|24|1.0494|0.9506|90.5850962454736|25.1856|48|22.8144|90.5850962454736|1.06
Lemonaid|Limoen|24|1|23.76|2.00|25.1856|24|1.0494|0.9506|90.5850962454736|25.1856|48|22.8144|90.5850962454736|1.06
Lemonaid|Bloedsinaasappel|24|1|23.76|2.00|25.1856|24|1.0494|0.9506|90.5850962454736|25.1856|48|22.8144|90.5850962454736|1.06
Statiegeld|krat20|1|3|4.50|0|4.50|3|4.5|-4.5|-100|13.5|0|-13.5|-100|0
Statiegeld|krat24|1|2|5.00|0|5.00|2|5|-5|-100|10|0|-10|-100|0
Statiegeld|krat_speciaal|1|2|4.60|0|4.60|2|4.6|-4.6|-100|9.2|0|-9.2|-100|0
ORDER|TOTAL||15|322.9|2|340.312|288|1.18163888888889|0.818361111111111|69.2564470250828|576|235.688|1.06
ORDER|DRINKS_ONLY||15|290.2|2|307.612|288|1.06809722222222|0.931902777777778|87.2488719555804|576|268.388|1.06
