Fritz|Kola|24|4|17.60|1.50|18.656|96|0.777333333333333|0.722666666666667|92.967409948542|74.624|144|69.376|92.967409948542|1.06
Statiegeld|krat24|1|10|5.00|0|5.00|10|5|-5|-100|50|0|-50|-100|0
Club-Mate|Original|20|2|18.00|1.50|19.08|40|0.954|0.546|57.2327044025157|38.16|60|21.84|57.2327044025157|1.06
Statiegeld|Krat20|1|8|4.50|0|4.50|8|4.5|-4.5|-100|36|0|-36|-100|0
Statiegeld|Krat20|1|6|4.50|0|4.50|6|4.5|-4.5|-100|27|0|-27|-100|0
Flora Power|Mate|20|6|21.40|1.50|22.684|120|1.1342|0.3658|32.2518074413683|136.104|180|43.896|32.2518074413683|1.06
Club-Mate|Granat|20|4|18.00|1.50|19.08|80|0.954|0.546|57.2327044025157|76.32|120|43.68|57.2327044025157|1.06
Club-Mate|Kraftstof|20|2|18.00|1.50|19.08|40|0.954|0.546|57.2327044025157|38.16|60|21.84|57.2327044025157|1.06
Bundaberg|Ginger|12|4|16.80|2.50|17.808|48|1.484|1.016|68.4636118598383|71.232|120|48.768|68.4636118598383|1.06
Bundaberg|Lemon, Lime & Bitters|12|4|18.50|2.50|19.61|48|1.63416666666667|0.865833333333333|52.9831718510964|78.44|120|41.56|52.9831718510964|1.06
Heldenpause|Peer-Melisse|24|4|25.50|1.50|27.03|96|1.12625|0.37375|33.1853496115427|108.12|144|35.88|33.1853496115427|1.06
Fentimans|Dandelion&Burdock|12|2|17.50|1.50|18.55|24|1.54583333333333|-0.0458333333333334|-2.96495956873316|37.1|36|-1.1|-2.96495956873316|1.06
Statiegeld|retour_krat24|1|15|-5.00|0|-5.00|15|-5|5|-100|-75|0|75|-100|0
Statiegeld|retour_krat24|1|2|-1.40|0|-1.40|2|-1.4|1.4|-100|-2.8|0|2.8|-100|0
ORDER|TOTAL||32|656.2|1.66216216216216|693.46|592|1.17138513513514|0.490777027027027|41.8971534046665|984|290.54|1.06
ORDER|DRINKS_ONLY||32|621|1.66216216216216|658.26|592|1.11192567567568|0.550236486486486|49.4850059247106|984|325.74|1.06
