Club-Mate|Original|20|4|18.87|2.00|20.0022|80|1.00011|0.99989|99.9780024197338|80.0088|160|79.9912|99.9780024197338|1.06
Club-Mate|Kraftstof|20|4|18.87|2.00|20.0022|80|1.00011|0.99989|99.9780024197338|80.0088|160|79.9912|99.9780024197338|1.06
Fritz|Kola|24|4|17.00|2.00|18.02|96|0.750833333333333|1.24916666666667|166.370699223085|72.08|192|119.92|166.370699223085|1.06
Bundaberg|Ginger|12|5|17.40|2.00|18.444|60|1.537|0.463|30.1236174365647|92.22|120|27.78|30.1236174365647|1.06
Fentimans|Rose Lemonade|12|2|17.50|2.00|18.55|24|1.54583333333333|0.454166666666667|29.3800539083558|37.1|48|10.9|29.3800539083558|1.06
Sauer|Rhabarberschorle|24|2|22.17|2.00|23.5002|48|0.979175|1.020825|104.253580820589|47.0004|96|48.9996|104.253580820589|1.06
Statiegeld|krat20|1|8|4.50|0|4.50|8|4.5|-4.5|-100|36|0|-36|-100|0
Statiegeld|krat24|1|4|5.00|0|5.00|4|5|-5|-100|20|0|-20|-100|0
Statiegeld|krat_speciaal|1|2|4.60|0|4.60|2|4.6|-4.6|-100|9.2|0|-9.2|-100|0
Statiegeld|retour_krat20|1|4|-4.50|0|-4.50|4|-4.5|4.5|-100|-18|0|18|-100|0
Statiegeld|retour_krat24|1|2|-5.00|0|-5.00|2|-5|5|-100|-10|0|10|-100|0
ORDER|TOTAL||21|422.5|2|445.618|388|1.1485|0.8515|74.140182847192|776|330.382|1.06
