Fritz|Kola|24|4|17.60|1.50|18.656|96|0.777333333333333|0.722666666666667|92.967409948542|74.624|144|69.376|92.967409948542|1.06
Sauer|Rhabarberschorle|24|4|20.50|1.50|21.73|96|0.905416666666667|0.594583333333333|65.6695812241141|86.92|144|57.08|65.6695812241141|1.06
Statiegeld|krat24|1|8|5.00|0|5.00|8|5|-5|-100|40|0|-40|-100|0
Club-Mate|Original|20|2|18.00|1.50|19.08|40|0.954|0.546|57.2327044025157|38.16|60|21.84|57.2327044025157|1.06
Club-Mate|Granat|20|4|18.00|1.50|19.08|80|0.954|0.546|57.2327044025157|76.32|120|43.68|57.2327044025157|1.06
Club-Mate|Kraftstof|20|4|18.00|1.50|19.08|80|0.954|0.546|57.2327044025157|76.32|120|43.68|57.2327044025157|1.06
Statiegeld|krat20|1|10|4.50|0|4.50|10|4.5|-4.5|-100|45|0|-45|-100|0
Bundaberg|Ginger|12|6|16.80|2.00|17.808|72|1.484|0.516|34.7708894878706|106.848|144|37.152|34.7708894878706|1.06
Bundaberg|Root|12|2|18.50|2.00|19.61|24|1.63416666666667|0.365833333333333|22.3865374808771|39.22|48|8.78|22.3865374808771|1.06
Breuk|flessen|1|2|-1.40|0|-1.484|2|-1.484|1.484|-100|-2.968|0|2.968|-100|1.06
Statiegeld|btw_fuckup|1|1|0.165|0|0.165|1|0.165|-0.165|-100|0.165|0|-0.165|-100|0
Statiegeld|retour_krat20|1|10|-4.50|0|-4.50|10|-4.5|4.5|-100|-45|0|45|-100|0
Statiegeld|retour_krat20_leeg|1|1|-1.50|0|-1.50|1|-1.5|1.5|-100|-1.5|0|1.5|-100|0
Statiegeld|retour_krat24|1|5|-5.00|0|-5.00|5|-5|5|-100|-25|0|25|-100|0
ORDER|TOTAL||28|481.065|1.59183673469388|509.109|490|1.03899795918367|0.552838775510204|53.2088413286742|780|270.891|1.06
