Flora Power|Mate|20|2|0.00001|2.00|1.06e-05|40|5.3e-07|1.99999947|377358390.566038|2.12e-05|80|79.9999788|377358390.566038|1.06
Club-Mate|Original|20|10|18.87|2.00|20.0022|200|1.00011|0.99989|99.9780024197338|200.022|400|199.978|99.9780024197338|1.06
Club-Mate|Kraftstof|20|2|18.87|2.00|20.0022|40|1.00011|0.99989|99.9780024197338|40.0044|80|39.9956|99.9780024197338|1.06
Bundaberg|Ginger|12|3|17.40|2.00|18.444|36|1.537|0.463|30.1236174365647|55.332|72|16.668|30.1236174365648|1.06
Bundaberg|Root|12|2|17.40|2.00|18.444|24|1.537|0.463|30.1236174365647|36.888|48|11.112|30.1236174365647|1.06
Fritz|Kola|24|2|17.00|2.00|18.02|48|0.750833333333333|1.24916666666667|166.370699223085|36.04|96|59.96|166.370699223085|1.06
Fritz|Appel-Kers|24|2|17.00|2.00|18.02|48|0.750833333333333|1.24916666666667|166.370699223085|36.04|96|59.96|166.370699223085|1.06
Fentimans|Cherrytree Cola|12|2|17.50|2.00|18.55|24|1.54583333333333|0.454166666666667|29.3800539083558|37.1|48|10.9|29.3800539083558|1.06
Fentimans|Dandelion & Burdock|12|2|17.50|2.00|18.55|24|1.54583333333333|0.454166666666667|29.3800539083558|37.1|48|10.9|29.3800539083558|1.06
Fentimans|Mandarin & Sevellie Orange Jigger|12|2|17.50|2.00|18.55|24|1.54583333333333|0.454166666666667|29.3800539083558|37.1|48|10.9|29.3800539083558|1.06
Statiegeld|krat20|1|2|4.50|0|4.50|2|4.5|-4.5|-100|9|0|-9|-100|0
Statiegeld|krat20|1|12|4.50|0|4.50|12|4.5|-4.5|-100|54|0|-54|-100|0
Statiegeld|krat24|1|4|5.00|0|5.00|4|5|-5|-100|20|0|-20|-100|0
Statiegeld|retour_krat20|1|7|-4.50|0|-4.50|7|-4.5|4.5|-100|-31.5|0|31.5|-100|0
Statiegeld|retour_krat20_leeg|1|2|-1.50|0|-1.50|2|-1.5|1.5|-100|-3|0|3|-100|0
Statiegeld|retour_krat24|1|2|-5.00|0|-5.00|2|-5|5|-100|-10|0|10|-100|0
Statiegeld|retour_krat_speciaal|1|1|-4.60|0|-4.60|1|-4.6|4.6|-100|-4.6|0|4.6|-100|0
ORDER|TOTAL||29|520.34002|2|549.5264212|508|1.08174492362205|0.918255076377952|84.8864696589769|1016|466.4735788|1.06
