Club-mate|Original|20|2|18.00|1.50|19.08|40|0.954|0.546|57.2327044025157|38.16|60|21.84|57.2327044025157|1.06
Club-Mate|Cola|20|3|17.50|1.50|18.55|60|0.9275|0.5725|61.7250673854447|55.65|90|34.35|61.7250673854447|1.06
Club-Mate|Kraftstof|20|2|18.00|1.50|19.08|40|0.954|0.546|57.2327044025157|38.16|60|21.84|57.2327044025157|1.06
Club-Mate|Granat|20|2|18.00|1.50|19.08|40|0.954|0.546|57.2327044025157|38.16|60|21.84|57.2327044025157|1.06
Club-Mate|Winter|20|2|18.00|1.50|19.08|40|0.954|0.546|57.2327044025157|38.16|60|21.84|57.2327044025157|1.06
Flora-Power|Mate|20|4|21.40|1.50|22.684|80|1.1342|0.3658|32.2518074413683|90.736|120|29.264|32.2518074413684|1.06
Statiegeld|krat_20|1|15|4.50|0|4.50|15|4.5|-4.5|-100|67.5|0|-67.5|-100|0
Fritz|Kola|24|3|17.60|1.50|18.656|72|0.777333333333333|0.722666666666667|92.967409948542|55.968|108|52.032|92.967409948542|1.06
Fritz|Orange|24|1|17.60|1.50|18.656|24|0.777333333333333|0.722666666666667|92.967409948542|18.656|36|17.344|92.967409948542|1.06
Fritz|Citroen|24|1|17.60|1.50|18.656|24|0.777333333333333|0.722666666666667|92.967409948542|18.656|36|17.344|92.967409948542|1.06
Sauer|Rhabarberschorle|24|1|20.50|1.50|21.73|24|0.905416666666667|0.594583333333333|65.6695812241141|21.73|36|14.27|65.6695812241141|1.06
Statiegeld|krat_24|1|6|5.00|0|5.00|6|5|-5|-100|30|0|-30|-100|0
Bundaberg|Ginger Beer|12|2|16.80|2.50|17.808|24|1.484|1.016|68.4636118598383|35.616|60|24.384|68.4636118598383|1.06
Bundaberg|Blood Orange|12|1|18.50|2.50|19.61|12|1.63416666666667|0.865833333333333|52.9831718510964|19.61|30|10.39|52.9831718510964|1.06
Statiegeld|retour_krat20|1|9|-4.50|0|-4.50|9|-4.5|4.5|-100|-40.5|0|40.5|-100|0
Statiegeld|retour_krat24|1|4|-5.00|0|-5.00|4|-5|5|-100|-20|0|20|-100|0
ORDER|TOTAL||24|479.7|1.575|506.262|480|1.0547125|0.5202875|49.3297936641502|756|249.738|1.06
ORDER|DRINKS_ONLY||24|442.7|1.575|469.262|480|0.977629166666667|0.597370833333333|61.1040314365962|756|286.738|1.06
