Fritz|Citroen|24|1|17.60|1.50|18.656|24|0.777333333333333|0.722666666666667|92.967409948542|18.656|36|17.344|92.967409948542|1.06
Fritz|Kola|24|1|17.60|1.50|18.656|24|0.777333333333333|0.722666666666667|92.967409948542|18.656|36|17.344|92.967409948542|1.06
Fritz|Orange|24|2|17.60|1.50|18.656|48|0.777333333333333|0.722666666666667|92.967409948542|37.312|72|34.688|92.967409948542|1.06
Charitea|Mate|24|1|24.50|2.00|25.97|24|1.08208333333333|0.917916666666666|84.8286484405082|25.97|48|22.03|84.8286484405083|1.06
Bundaberg|Blood Orange|12|2|18.50|2.50|19.61|24|1.63416666666667|0.865833333333333|52.9831718510964|39.22|60|20.78|52.9831718510964|1.06
Club-Mate|Original|20|2|18.00|1.50|19.08|40|0.954|0.546|57.2327044025157|38.16|60|21.84|57.2327044025157|1.06
Flora Power|Mate|20|2|21.40|1.50|22.684|40|1.1342|0.3658|32.2518074413683|45.368|60|14.632|32.2518074413684|1.06
Club-Mate|Kraftstof|20|1|18.00|1.50|19.08|20|0.954|0.546|57.2327044025157|19.08|30|10.92|57.2327044025157|1.06
Club-Mate|Granat|20|1|18.00|1.50|19.08|20|0.954|0.546|57.2327044025157|19.08|30|10.92|57.2327044025157|1.06
Bundaberg|Pink Grapefruit|12|2|18.50|2.50|19.61|24|1.63416666666667|0.865833333333333|52.9831718510964|39.22|60|20.78|52.9831718510964|1.06
Club-Mate|Cola|20|3|17.50|1.50|18.55|60|0.9275|0.5725|61.7250673854447|55.65|90|34.35|61.7250673854447|1.06
Statiegeld|krat20|1|9|4.50|0|4.50|9|4.5|-4.5|-100|40.5|0|-40.5|-100|0
Statiegeld|krat24|1|4|5.00|0|5.00|4|5|-5|-100|20|0|-20|-100|0
Statiegeld|retour_krat20|1|12|-4.50|0|-4.50|12|-4.5|4.5|-100|-54|0|54|-100|0
Statiegeld|retour_krat24|1|4|-5.00|0|-5.00|4|-5|5|-100|-20|0|20|-100|0
Statiegeld|retour_fles|1|6|-0.15|0|-0.15|6|-0.15|0.15|-100|-0.9|0|0.9|-100|0
ORDER|TOTAL||18|321.8|1.67241379310345|341.972|348|0.98267816091954|0.689735632183908|70.1893722293053|582|240.028|1.06
ORDER|DRINKS_ONLY||18|336.2|1.67241379310345|356.372|348|1.02405747126437|0.64835632183908|63.3124936863727|582|225.628|1.06
