Club-Mate|Original|20|3|16.98|1.50|17.9988|60|0.89994|0.60006|66.6777785185679|53.9964|90|36.0036|66.6777785185679|1.06
Flora Power|Mate|20|2|21.40|1.50|22.684|40|1.1342|0.3658|32.2518074413683|45.368|60|14.632|32.2518074413684|1.06
Club-Mate|Kraftstof|20|2|18.00|1.50|19.08|40|0.954|0.546|57.2327044025157|38.16|60|21.84|57.2327044025157|1.06
Club-Mate|Granat|20|2|18.00|1.50|19.08|40|0.954|0.546|57.2327044025157|38.16|60|21.84|57.2327044025157|1.06
Club-Mate|Cola|20|2|17.50|1.50|18.55|40|0.9275|0.5725|61.7250673854447|37.1|60|22.9|61.7250673854447|1.06
Statiegeld|krat20|1|1|4.50|0|4.50|1|4.5|-4.5|-100|4.5|0|-4.5|-100|0
Bundaberg|Lemon, Lime & Bitters|12|1|18.50|2.50|19.61|12|1.63416666666667|0.865833333333333|52.9831718510964|19.61|30|10.39|52.9831718510964|1.06
Bundaberg|Pink Grapefruit|12|1|18.50|2.50|19.61|12|1.63416666666667|0.865833333333333|52.9831718510964|19.61|30|10.39|52.9831718510964|1.06
Fritz|Kola|24|1|17.60|1.50|18.656|24|0.777333333333333|0.722666666666667|92.967409948542|18.656|36|17.344|92.967409948542|1.06
Statiegeld|krat24|1|1|5.00|0|5.00|1|5|-5|-100|5|0|-5|-100|0
Statiegeld|retour_krat20|1|4|-4.50|0|-4.50|4|-4.5|4.5|-100|-18|0|18|-100|0
Statiegeld|retour_krat24|1|2|-5.00|0|-5.00|2|-5|5|-100|-10|0|10|-100|0
ORDER|TOTAL||14|236.84|1.58955223880597|252.1604|268|0.940897014925373|0.648655223880597|68.940087341232|426|173.8396|1.06
ORDER|DRINKS_ONLY||14|255.34|1.58955223880597|270.6604|268|1.00992686567164|0.579625373134328|57.3928066314836|426|155.3396|1.06
