Club-Mate|Original|20|8|18.87|2.00|20.0022|160|1.00011|0.99989|99.9780024197338|160.0176|320|159.9824|99.9780024197338|1.06
Club-Mate|Granat|20|3|18.87|2.00|20.0022|60|1.00011|0.99989|99.9780024197338|60.0066|120|59.9934|99.9780024197338|1.06
Bundaberg|Ginger|12|3|17.40|2.00|18.444|36|1.537|0.463|30.1236174365647|55.332|72|16.668|30.1236174365648|1.06
Bundaberg|Root|12|3|17.40|2.00|18.444|36|1.537|0.463|30.1236174365647|55.332|72|16.668|30.1236174365648|1.06
Flora Power|Mate|20|3|0.00001|2.00|1.06e-05|60|5.3e-07|1.99999947|377358390.566038|3.18e-05|120|119.9999682|377358390.566038|1.06
Fritz|Kola|24|6|17.00|2.00|18.02|144|0.750833333333333|1.24916666666667|166.370699223085|108.12|288|179.88|166.370699223085|1.06
Fritz|Appel-Kers|24|2|17.00|2.00|18.02|48|0.750833333333333|1.24916666666667|166.370699223085|36.04|96|59.96|166.370699223085|1.06
Acqua Monaco|Lemon Monaco|24|2|25.20|2.00|26.712|48|1.113|0.887|79.6945193171608|53.424|96|42.576|79.6945193171608|1.06
Fentimans|Wild English Elderflower|12|2|17.50|2.00|18.55|24|1.54583333333333|0.454166666666667|29.3800539083558|37.1|48|10.9|29.3800539083558|1.06
Wostok|Peer Rozemarijn|24|2|22.00|2.00|23.32|48|0.971666666666667|1.02833333333333|105.831903945111|46.64|96|49.36|105.831903945111|1.06
Statiegeld|krat20|1|11|4.50|0|4.50|11|4.5|-4.5|-100|49.5|0|-49.5|-100|0
Statiegeld|krat20|1|3|4.50|0|4.50|3|4.5|-4.5|-100|13.5|0|-13.5|-100|0
Statiegeld|krat24|1|8|5.00|0|5.00|8|5|-5|-100|40|0|-40|-100|0
Statiegeld|retour_krat20|1|8|-4.50|0|-4.50|8|-4.5|4.5|-100|-36|0|36|-100|0
Statiegeld|retour_krat24|1|4|-5.00|0|-5.00|4|-5|5|-100|-20|0|20|-100|0
Statiegeld|retour_krat_speciaal|1|5|-4.60|0|-4.60|5|-4.6|4.6|-100|-23|0|23|-100|0
ORDER|TOTAL||34|601.37003|2|636.0122318|664|0.957849746686747|1.04215025331325|108.801015703988|1328|691.9877682|1.06
ORDER|DRINKS_ONLY||34|577.37003|2|612.0122318|664|0.921705168373494|1.07829483162651|116.989127177115|1328|715.9877682|1.06
