Fritz|Kola|24|8|17.60|1.50|18.656|192|0.777333333333333|0.722666666666667|92.967409948542|149.248|288|138.752|92.967409948542|1.06
Proviant|Rabarber|24|1|17.50|1.50|18.55|24|0.772916666666667|0.727083333333333|94.0700808625337|18.55|36|17.45|94.0700808625337|1.06
Sauer|Rhabarberschorle|24|1|20.50|1.50|21.73|24|0.905416666666667|0.594583333333333|65.6695812241141|21.73|36|14.27|65.6695812241141|1.06
Statiegeld|krat24|1|10|5.00|0|5.00|10|5|-5|-100|50|0|-50|-100|0
Club-Mate|Original|20|6|18.00|1.50|19.08|120|0.954|0.546|57.2327044025157|114.48|180|65.52|57.2327044025157|1.06
Club-Mate|Kraftstof|20|2|18.00|1.50|19.08|40|0.954|0.546|57.2327044025157|38.16|60|21.84|57.2327044025157|1.06
Club-Mate|Granat|20|2|18.00|1.50|19.08|40|0.954|0.546|57.2327044025157|38.16|60|21.84|57.2327044025157|1.06
Flora Power|Mate|20|6|21.40|1.50|22.684|120|1.1342|0.3658|32.2518074413683|136.104|180|43.896|32.2518074413683|1.06
Statiegeld|krat20|1|16|4.50|0|4.50|16|4.5|-4.5|-100|72|0|-72|-100|0
Bundaberg|Ginger|12|8|16.80|2.00|17.808|96|1.484|0.516|34.7708894878706|142.464|192|49.536|34.7708894878706|1.06
Bundaberg|Root|12|2|18.50|2.00|19.61|24|1.63416666666667|0.365833333333333|22.3865374808771|39.22|48|8.78|22.3865374808771|1.06
Fentimans|Cherrytree Cola|12|1|17.50|1.50|18.55|12|1.54583333333333|-0.0458333333333334|-2.96495956873316|18.55|18|-0.550000000000001|-2.96495956873316|1.06
Fentimans|Herbal Tonic|24|1|21.50|1.50|22.79|24|0.949583333333333|0.550416666666667|57.9640193067135|22.79|36|13.21|57.9640193067135|1.06
Statiegeld|retour_krat20|1|24|-4.50|0|-4.50|24|-4.5|4.5|-100|-108|0|108|-100|0
Statiegeld|retour_krat24|1|12|-5.00|0|-5.00|12|-5|5|-100|-60|0|60|-100|0
ORDER|TOTAL||38|651.6|1.58379888268156|693.456|716|0.968513966480447|0.615284916201117|63.5287602962553|1134|440.544|1.06
