Fritz|Kola|24|3|17.00|2.00|18.02|72|0.750833333333333|1.24916666666667|166.370699223085|54.06|144|89.94|166.370699223085|1.06
Bundaberg|Ginger|12|4|17.40|2.00|18.444|48|1.537|0.463|30.1236174365647|73.776|96|22.224|30.1236174365647|1.06
Club-Mate|Kraftstof|20|2|18.87|2.00|20.0022|40|1.00011|0.99989|99.9780024197338|40.0044|80|39.9956|99.9780024197338|1.06
Club-Mate|Original|20|8|18.87|2.00|20.0022|160|1.00011|0.99989|99.9780024197338|160.0176|320|159.9824|99.9780024197338|1.06
Sauer|Rhabarberschorle|24|2|22.17|2.00|23.5002|48|0.979175|1.020825|104.253580820589|47.0004|96|48.9996|104.253580820589|1.06
Statiegeld|krat24|1|3|5.00|0|5.00|3|5|-5|-100|15|0|-15|-100|0
Statiegeld|krat20|1|10|4.50|0|4.50|10|4.5|-4.5|-100|45|0|-45|-100|0
Statiegeld|krat_speciaal|1|2|4.60|0|4.60|2|4.6|-4.6|-100|9.2|0|-9.2|-100|0
Statiegeld|retour_krat20|1|5|-4.50|0|-4.50|5|-4.5|4.5|-100|-22.5|0|22.5|-100|0
Statiegeld|retour_krat20_leeg|1|3|-1.50|0|-1.50|3|-1.5|1.5|-100|-4.5|0|4.5|-100|0
Statiegeld|retour_krat24|1|4|-5.00|0|-5.00|4|-5|5|-100|-20|0|20|-100|0
Statiegeld|retour_krat_speciaal|1|2|-4.60|0|-4.60|2|-4.6|4.6|-100|-9.2|0|9.2|-100|0
ORDER|TOTAL||19|366.64|2|387.8584|368|1.05396304347826|0.946036956521739|89.759974258647|736|348.1416|1.06
