Club-Mate|Original|20|4|18.00|1.50|19.08|80|0.954|0.546|57.2327044025157|76.32|120|43.68|57.2327044025157|1.06
Flora Power|Mate|20|4|21.40|1.50|22.684|80|1.1342|0.3658|32.2518074413683|90.736|120|29.264|32.2518074413684|1.06
Club-Mate|Granat|20|2|18.00|1.50|19.08|40|0.954|0.546|57.2327044025157|38.16|60|21.84|57.2327044025157|1.06
Club-Mate|Kraftstof|20|2|18.00|1.50|19.08|40|0.954|0.546|57.2327044025157|38.16|60|21.84|57.2327044025157|1.06
Bundaberg|Ginger|12|6|16.80|2.00|17.808|72|1.484|0.516|34.7708894878706|106.848|144|37.152|34.7708894878706|1.06
Fritz|Citroen|24|2|17.60|1.50|18.656|48|0.777333333333333|0.722666666666667|92.967409948542|37.312|72|34.688|92.967409948542|1.06
Bundaberg|Lemon,Lime&Bitters|12|2|18.50|2.00|19.61|24|1.63416666666667|0.365833333333333|22.3865374808771|39.22|48|8.78|22.3865374808771|1.06
Statiegeld|krat20|1|8|4.50|0|4.50|8|4.5|-4.5|-100|36|0|-36|-100|0
Statiegeld|krat24|1|6|5.00|0|5.00|6|5|-5|-100|30|0|-30|-100|0
Afri|Cola|24|4|16.50|1.50|17.49|96|0.72875|0.77125|105.831903945111|69.96|144|74.04|105.831903945111|1.06
Statiegeld|retour_krat20|1|11|-4.50|0|-4.50|11|-4.5|4.5|-100|-49.5|0|49.5|-100|0
Statiegeld|retour_krat24_leeg|1|11|-1.40|0|-1.40|11|-1.4|1.4|-100|-15.4|0|15.4|-100|0
ORDER|TOTAL||26|469.7|1.6|497.816|480|1.03711666666667|0.562883333333333|54.2738682565446|768|270.184|1.06
ORDER|DRINKS_ONLY||26|468.6|1.6|496.716|480|1.034825|0.565175|54.6155147005532|768|271.284|1.06
