Club-Mate|Original|20|4|18.00|1.50|19.08|80|0.954|0.546|57.2327044025157|76.32|120|43.68|57.2327044025157|1.06
Club-Mate|Kraftstof|20|1|18.00|1.50|19.08|20|0.954|0.546|57.2327044025157|19.08|30|10.92|57.2327044025157|1.06
Flora Power|Mate|20|1|21.40|1.50|22.684|20|1.1342|0.3658|32.2518074413683|22.684|30|7.316|32.2518074413684|1.06
Charitea|Mate|24|2|23.76|2.00|25.1856|48|1.0494|0.9506|90.5850962454736|50.3712|96|45.6288|90.5850962454736|1.06
Bundaberg|Root|12|2|17.40|2.00|18.444|24|1.537|0.463|30.1236174365647|36.888|48|11.112|30.1236174365647|1.06
Fritz|Apfelschorle|24|1|18.29|1.50|19.3874|24|0.807808333333333|0.692191666666667|85.6876115415166|19.3874|36|16.6126|85.6876115415167|1.06
Statiegeld|krat20|1|5|4.50|0|4.50|5|4.5|-4.5|-100|22.5|0|-22.5|-100|0
Statiegeld|krat20|1|1|4.50|0|4.50|1|4.5|-4.5|-100|4.5|0|-4.5|-100|0
Statiegeld|krat24|1|1|5.00|0|5.00|1|5|-5|-100|5|0|-5|-100|0
Statiegeld|retour_krat20|1|1|-4.50|0|-4.50|1|-4.5|4.5|-100|-4.5|0|4.5|-100|0
Statiegeld|retour_krat24|1|2|-5.00|0|-5.00|2|-5|5|-100|-10|0|10|-100|0
Statiegeld|retour_krat24|1|2|-5.00|0|-5.00|2|-5|5|-100|-10|0|10|-100|0
Statiegeld|retour_krat20|1|3|-4.50|0|-4.50|3|-4.5|4.5|-100|-13.5|0|13.5|-100|0
ORDER|TOTAL||11|206.01|1.66666666666667|218.7306|216|1.01264166666667|0.654025|64.5860250006172|360|141.2694|1.06
ORDER|DRINKS_ONLY||11|212.01|1.66666666666667|224.7306|216|1.04041944444444|0.626247222222222|60.1918029854412|360|135.2694|1.06
