Club-Mate|Original|20|7|18.00|1.50|19.08|140|0.954|0.546|57.2327044025157|133.56|210|76.44|57.2327044025157|1.06
Flora Power|Mate|20|6|21.40|1.50|22.684|120|1.1342|0.3658|32.2518074413683|136.104|180|43.896|32.2518074413683|1.06
Bundaberg|Root|12|2|18.50|2.00|19.61|24|1.63416666666667|0.365833333333333|22.3865374808771|39.22|48|8.78|22.3865374808771|1.06
Bundaberg|Ginger|12|4|16.80|2.00|17.808|48|1.484|0.516|34.7708894878706|71.232|96|24.768|34.7708894878706|1.06
Club-Mate|Granat|20|2|18.00|1.50|19.08|40|0.954|0.546|57.2327044025157|38.16|60|21.84|57.2327044025157|1.06
Club-Mate|Kraftstof|20|1|18.00|1.50|19.08|20|0.954|0.546|57.2327044025157|19.08|30|10.92|57.2327044025157|1.06
Club-Mate|Winter|20|2|18.00|1.50|19.08|40|0.954|0.546|57.2327044025157|38.16|60|21.84|57.2327044025157|1.06
Fritz|Kola|24|4|17.60|1.50|18.656|96|0.777333333333333|0.722666666666667|92.967409948542|74.624|144|69.376|92.967409948542|1.06
Fritz|Meloen|24|2|17.60|1.50|18.656|48|0.777333333333333|0.722666666666667|92.967409948542|37.312|72|34.688|92.967409948542|1.06
Sauer|Rhabarberschorle|24|2|22.00|1.50|23.32|48|0.971666666666667|0.528333333333333|54.3739279588336|46.64|72|25.36|54.3739279588336|1.06
Statiegeld|krat20|1|18|4.50|0|4.50|18|4.5|-4.5|-100|81|0|-81|-100|0
Statiegeld|krat24|1|6|5.00|0|5.00|6|5|-5|-100|30|0|-30|-100|0
Statiegeld|krat_speciaal|1|2|4.60|0|4.60|2|4.6|-4.6|-100|9.2|0|-9.2|-100|0
Statiegeld|retour_krat20|1|16|-4.50|0|-4.50|16|-4.5|4.5|-100|-72|0|72|-100|0
Statiegeld|retour_fles|1|1|-0.15|0|-0.15|1|-0.15|0.15|-100|-0.15|0|0.15|-100|0
Statiegeld|retour_krat24|1|8|-5.00|0|-5.00|8|-5|5|-100|-40|0|40|-100|0
Statiegeld|retour_krat24_leeg|1|3|-1.40|0|-1.40|3|-1.4|1.4|-100|-4.2|0|4.2|-100|0
ORDER|TOTAL||32|602.05|1.55769230769231|637.942|624|1.02234294871795|0.535349358974359|52.3649485376413|972|334.058|1.06
ORDER|DRINKS_ONLY||32|598.2|1.55769230769231|634.092|624|1.01617307692308|0.541519230769231|53.2900588558127|972|337.908|1.06
