Fritz|Citroen|24|1|17.60|1.50|18.656|24|0.777333333333333|0.722666666666667|92.967409948542|18.656|36|17.344|92.967409948542|1.06
Fritz|Orange|24|1|17.60|1.50|18.656|24|0.777333333333333|0.722666666666667|92.967409948542|18.656|36|17.344|92.967409948542|1.06
Club-Mate|Original|20|2|18.00|1.50|19.08|40|0.954|0.546|57.2327044025157|38.16|60|21.84|57.2327044025157|1.06
Flora Power|Mate|20|2|21.40|1.50|22.684|40|1.1342|0.3658|32.2518074413683|45.368|60|14.632|32.2518074413684|1.06
Bundaberg|Pink Grapefruit|12|2|18.50|2.50|19.61|24|1.63416666666667|0.865833333333333|52.9831718510964|39.22|60|20.78|52.9831718510964|1.06
Bundaberg|Ginger Beer|12|2|16.80|2.50|17.808|24|1.484|1.016|68.4636118598383|35.616|60|24.384|68.4636118598383|1.06
Bundaberg|Blood Orange|12|1|18.50|2.50|19.61|12|1.63416666666667|0.865833333333333|52.9831718510964|19.61|30|10.39|52.9831718510964|1.06
Club-Mate|Cola|20|2|17.50|1.50|18.55|40|0.9275|0.5725|61.7250673854447|37.1|60|22.9|61.7250673854447|1.06
Statiegeld|krat20|1|6|4.50|0|4.50|6|4.5|-4.5|-100|27|0|-27|-100|0
Statiegeld|krat24|1|3|5.00|0|5.00|3|5|-5|-100|15|0|-15|-100|0
Statiegeld|retour_krat20|1|10|-4.50|0|-4.50|10|-4.5|4.5|-100|-45|0|45|-100|0
Statiegeld|retour_krat24|1|3|-5.00|0|-5.00|3|-5|5|-100|-15|0|15|-100|0
Statiegeld|retour_fles|1|7|-0.15|0|-0.15|7|-0.15|0.15|-100|-1.05|0|1.05|-100|0
ORDER|TOTAL||13|219.05|1.76315789473684|233.336|228|1.02340350877193|0.739754385964912|72.2837453286248|402|168.664|1.06
ORDER|DRINKS_ONLY||13|238.1|1.76315789473684|252.386|228|1.10695614035088|0.656201754385965|59.2798332712591|402|149.614|1.06
