Club-Mate|Original|20|4|18.00|2.00|19.08|80|0.954|1.046|109.643605870021|76.32|160|83.68|109.643605870021|1.06
Flora Power|Mate|20|4|21.40|2.00|22.684|80|1.1342|0.8658|76.3357432551578|90.736|160|69.264|76.3357432551578|1.06
Fritz|Kola|24|6|17.00|2.00|18.02|144|0.750833333333333|1.24916666666667|166.370699223085|108.12|288|179.88|166.370699223085|1.06
Bundaberg|Ginger|12|3|17.00|2.00|18.02|36|1.50166666666667|0.498333333333333|33.1853496115427|54.06|72|17.94|33.1853496115427|1.06
Bundaberg|Root|12|2|17.40|2.00|18.444|24|1.537|0.463|30.1236174365647|36.888|48|11.112|30.1236174365647|1.06
Club-Mate|Kraftstof|20|1|18.00|2.00|19.08|20|0.954|1.046|109.643605870021|19.08|40|20.92|109.643605870021|1.06
Fentimans|Rose Lemonade|12|1|17.50|2.00|18.55|12|1.54583333333333|0.454166666666667|29.3800539083558|18.55|24|5.45|29.3800539083558|1.06
Fritz|Meloen|24|1|17.00|2.00|18.02|24|0.750833333333333|1.24916666666667|166.370699223085|18.02|48|29.98|166.370699223085|1.06
Proviant|Citroen Gember|24|1|17.50|2.00|18.55|24|0.772916666666667|1.22708333333333|158.760107816712|18.55|48|29.45|158.760107816712|1.06
Statiegeld|krat20|1|5|4.50|0|4.50|5|4.5|-4.5|-100|22.5|0|-22.5|-100|0
Statiegeld|krat24|1|7|5.00|0|5.00|7|5|-5|-100|35|0|-35|-100|0
Statiegeld|krat24|1|1|5.00|0|5.00|1|5|-5|-100|5|0|-5|-100|0
Statiegeld|retour_krat20|1|8|-4.50|0|-4.50|8|-4.5|4.5|-100|-36|0|36|-100|0
Statiegeld|retour_krat24|1|8|-5.00|0|-5.00|8|-5|5|-100|-40|0|40|-100|0
Statiegeld|retour_krat24|1|1|-5.00|0|-5.00|1|-5|5|-100|-5|0|5|-100|0
Statiegeld|retour_krat_speciaal|1|1|-4.60|0|-4.60|1|-4.6|4.6|-100|-4.6|0|4.6|-100|0
Statiegeld|retour_krat20|1|3|-4.50|0|-4.50|3|-4.5|4.5|-100|-13.5|0|13.5|-100|0
ORDER|TOTAL||23|378.8|2|403.724|444|0.909288288288288|1.09071171171171|119.952244602748|888|484.276|1.06
