Fritz|Kola|24|8|17.60|1.50|18.656|192|0.777333333333333|0.722666666666667|92.967409948542|149.248|288|138.752|92.967409948542|1.06
Club-Mate|Original|20|4|18.00|1.50|19.08|80|0.954|0.546|57.2327044025157|76.32|120|43.68|57.2327044025157|1.06
Flora Power|Mate|20|4|21.40|1.50|22.684|80|1.1342|0.3658|32.2518074413683|90.736|120|29.264|32.2518074413684|1.06
Club-Mate|Granat|20|4|18.00|1.50|19.08|80|0.954|0.546|57.2327044025157|76.32|120|43.68|57.2327044025157|1.06
Club-Mate|Kraftstof|20|2|18.00|1.50|19.08|40|0.954|0.546|57.2327044025157|38.16|60|21.84|57.2327044025157|1.06
Bundaberg|Ginger|12|8|16.80|2.00|17.808|96|1.484|0.516|34.7708894878706|142.464|192|49.536|34.7708894878706|1.06
Bundaberg|Root|12|4|18.50|2.00|19.61|48|1.63416666666667|0.365833333333333|22.3865374808771|78.44|96|17.56|22.3865374808771|1.06
Proviant|Rabarber|24|1|17.50|1.50|18.55|24|0.772916666666667|0.727083333333333|94.0700808625337|18.55|36|17.45|94.0700808625337|1.06
Cucumis|Komkommer-Basilicum|24|1|29.00|1.50|30.74|24|1.28083333333333|0.219166666666667|17.1112556929082|30.74|36|5.26|17.1112556929083|1.06
Elixia|Chocolat|12|1|17.00|1.50|18.02|12|1.50166666666667|-0.00166666666666671|-0.110987791342955|18.02|18|-0.0199999999999996|-0.11098779134295|1.06
ORDER|TOTAL||37|678.3|1.60650887573965|718.998|676|1.06360650887574|0.542902366863905|51.0435355870253|1086|367.002|1.06
