Fritz|Kola|24|6|17.60|1.50|18.656|144|0.777333333333333|0.722666666666667|92.967409948542|111.936|216|104.064|92.967409948542|1.06
Club-Mate|Original|20|6|18.00|1.50|19.08|120|0.954|0.546|57.2327044025157|114.48|180|65.52|57.2327044025157|1.06
Flora Power|Mate|20|4|21.40|1.50|22.684|80|1.1342|0.3658|32.2518074413683|90.736|120|29.264|32.2518074413684|1.06
Club-Mate|Granat|20|3|18.00|1.50|19.08|60|0.954|0.546|57.2327044025157|57.24|90|32.76|57.2327044025157|1.06
Club-Mate|Kraftstof|20|2|18.00|1.50|19.08|40|0.954|0.546|57.2327044025157|38.16|60|21.84|57.2327044025157|1.06
Bundaberg|Ginger|12|8|16.80|2.00|17.808|96|1.484|0.516|34.7708894878706|142.464|192|49.536|34.7708894878706|1.06
Bundaberg|Root|12|4|18.50|2.00|19.61|48|1.63416666666667|0.365833333333333|22.3865374808771|78.44|96|17.56|22.3865374808771|1.06
Proviant|Rabarber|24|1|17.50|1.50|18.55|24|0.772916666666667|0.727083333333333|94.0700808625337|18.55|36|17.45|94.0700808625337|1.06
Sauer|Rhabarberschorle|24|1|20.50|1.50|21.73|24|0.905416666666667|0.594583333333333|65.6695812241141|21.73|36|14.27|65.6695812241141|1.06
Bundaberg|Pink Grapefruit|12|1|18.50|2.00|19.61|12|1.63416666666667|0.365833333333333|22.3865374808771|19.61|24|4.39|22.3865374808771|1.06
ORDER|TOTAL||36|654.1|1.62037037037037|693.346|648|1.06997839506173|0.550391975308642|51.4395410083854|1050|356.654|1.06
